-5.61E+00	1.350000000000000089e+00	0
-5.53E+00	1.350000000000000089e+00	0
-5.45E+00	1.350000000000000089e+00	0
-5.37E+00	1.350000000000000089e+00	0
-5.29E+00	1.350000000000000089e+00	0
-5.21E+00	1.350000000000000089e+00	0
-5.13E+00	1.350000000000000089e+00	0
-5.05E+00	1.350000000000000089e+00	0
-4.97E+00	1.350000000000000089e+00	0
-4.89E+00	1.350000000000000089e+00	0
-4.81E+00	1.350000000000000089e+00	0
-4.73E+00	1.350000000000000089e+00	0
-4.65E+00	1.350000000000000089e+00	0
-4.57E+00	1.350000000000000089e+00	0
-4.49E+00	1.350000000000000089e+00	0
-4.41E+00	1.350000000000000089e+00	0
-4.33E+00	1.350000000000000089e+00	0
-4.25E+00	1.350000000000000089e+00	0
-4.17E+00	1.350000000000000089e+00	0
-4.09E+00	1.350000000000000089e+00	0
-4.01E+00	1.350000000000000089e+00	0
-3.93E+00	1.350000000000000089e+00	0
-3.85E+00	1.350000000000000089e+00	0
-3.77E+00	1.350000000000000089e+00	0
-3.69E+00	1.350000000000000089e+00	0
-3.61E+00	1.350000000000000089e+00	0
-3.53E+00	1.350000000000000089e+00	0
-3.45E+00	1.350000000000000089e+00	0
-3.37E+00	1.350000000000000089e+00	0
-3.29E+00	1.350000000000000089e+00	0
-3.21E+00	1.350000000000000089e+00	0
-3.13E+00	1.350000000000000089e+00	0
-3.05E+00	1.350000000000000089e+00	0
-2.97E+00	1.350000000000000089e+00	0
-2.89E+00	1.350000000000000089e+00	0
-2.82E+00	1.350000000000000089e+00	0
-2.74E+00	1.350000000000000089e+00	0
-2.66E+00	1.350000000000000089e+00	0
-2.58E+00	1.350000000000000089e+00	0
-2.50E+00	1.350000000000000089e+00	0
-2.42E+00	1.350000000000000089e+00	0
-2.34E+00	1.350000000000000089e+00	0
-2.26E+00	1.350000000000000089e+00	0
-2.18E+00	1.350000000000000089e+00	0
-2.10E+00	1.350000000000000089e+00	0
-2.02E+00	1.350000000000000089e+00	0
-1.94E+00	1.350000000000000089e+00	0
-1.86E+00	1.350000000000000089e+00	0
-1.78E+00	1.350000000000000089e+00	0
-1.70E+00	1.350000000000000089e+00	0
-1.62E+00	1.350000000000000089e+00	0
-1.54E+00	1.346376715416586878e+00	0
-1.46E+00	1.300276137394853038e+00	0
-1.38E+00	1.254175559373119420e+00	0
-1.30E+00	1.208074981351384913e+00	0
-1.22E+00	1.161974403329651295e+00	0
-1.14E+00	1.115873825307917455e+00	0
-1.06E+00	1.069773247286183171e+00	0
-9.79E-01	1.023672669264449331e+00	0
-8.99E-01	9.775720912427156017e-01	0
-8.19E-01	9.314715132209813175e-01	0
-7.39E-01	8.853709351992475884e-01	0
-6.59E-01	8.392703571775137483e-01	0
-5.79E-01	7.931697791557794641e-01	0
-5.00E-01	7.470692011340457350e-01	0
-4.20E-01	7.009686231123118949e-01	0
-3.40E-01	6.548680450905776107e-01	0
-2.60E-01	6.087674670688438816e-01	0
-1.80E-01	6.029999999999999805e-01	0
-1.00E-01	6.029999999999999805e-01	0
-2.04E-02	6.029999999999999805e-01	0
5.940462757352715784e-02	6.029999999999999805e-01	0
1.392531709654640792e-01	6.029999999999999805e-01	0
2.191017143574001125e-01	6.029999999999999805e-01	0
2.989502577493361457e-01	6.161161820332299310e-01	0
3.787988011412730671e-01	6.375115347519009212e-01	0
4.586473445332091003e-01	6.589068874705715784e-01	0
5.384958879251451336e-01	6.803022401892423465e-01	0
6.183444313170820550e-01	7.016975929079132257e-01	0
6.981929747090180882e-01	7.230929456265839939e-01	0
7.780415181009541215e-01	7.444882983452547620e-01	0
8.578900614928910429e-01	7.658836510639256412e-01	0
9.377386048848270761e-01	7.872790037825964093e-01	0
1.017587148276763109e+00	8.086743565012670665e-01	0
1.097435691668700031e+00	8.300697092199380567e-01	0
1.177284235060636064e+00	8.514650619386088248e-01	0
1.257132778452572097e+00	8.728604146572794820e-01	0
1.336981321844509019e+00	8.942557673759503611e-01	0
1.416829865236445052e+00	9.156511200946211293e-01	0
1.496678408628381085e+00	9.370464728132918975e-01	0
1.576526952020318006e+00	9.584418255319628877e-01	0
1.656375495412254040e+00	9.798371782506335448e-01	0
1.736224038804190073e+00	1.001232530969304202e+00	0
1.816072582196126994e+00	1.022627883687975192e+00	0
1.895921125588063028e+00	1.044023236406645960e+00	0
1.975769668979999061e+00	1.065418589125316728e+00	0
2.055618212371935982e+00	1.086813941843987497e+00	0
2.135466755763872015e+00	1.108209294562658265e+00	0
2.215315299155808049e+00	1.129604647281329033e+00	0
2.295163842547744970e+00	1.151000000000000023e+00	0
